8	1	20	0												
0	0	27	12	29	22	21	27	25	15	0	0	0	0	-30.0915683	-51.1759996
1	27	0	35	53	45	42	26	17	25	2	6	3	45	-30.1994932	-51.1303118
2	14	37	0	19	11	10	27	30	17	-1	7	4	49	-30.0650158	-51.1844471
3	29	53	19	0	9	20	43	41	33	-2	7	5	54	-29.9964907	-51.1472175
4	24	47	13	9	0	15	37	35	27	1	6	2	55	-30.0196058	-51.1599768
5	23	43	12	20	15	0	36	30	26	1	6	2	56	-30.0622191	-51.1436603
6	27	26	26	44	36	36	0	27	14	-1	7	4	59	-30.1638159	-51.2289545
7	25	17	30	41	35	28	26	0	22	-3	7	2	62	-30.1476019	-51.1294438
8	15	24	15	33	25	24	14	22	0	-2	6	2	64	-30.1232505	-51.2166606
