8	1	20	0												
0	0	14	3	10	17	16	8	12	14	0	0	0	0	41.3943533	2.1436487
1	15	0	15	21	27	13	21	18	22	-3	7	2	15	41.3202238	2.130776
2	4	14	0	11	19	17	8	14	12	-2	7	2	17	41.3887942	2.1570696
3	10	21	10	0	18	18	5	14	11	1	7	5	19	41.4307966	2.1528769
4	16	27	18	18	0	24	22	20	26	-1	6	4	23	41.4409776	2.0881886
5	14	13	15	16	22	0	20	9	24	2	6	3	28	41.3542709	2.0702347
6	10	21	9	6	21	21	0	17	9	-2	6	1	33	41.4227817	2.1746473
7	14	18	15	16	23	11	20	0	24	1	7	2	40	41.3849003	2.0759147
8	15	21	12	11	25	24	7	21	0	-2	6	2	48	41.4346888	2.2033441
