8	1	20	0												
0	0	8	7	9	14	6	12	8	27	0	0	0	0	40.758366	-73.986267
1	8	0	7	3	18	2	8	5	31	-3	6	0	28	40.802635	-73.967979
2	7	7	0	7	15	6	12	4	28	-2	7	0	34	40.774559	-73.963959
3	9	2	7	0	18	3	8	5	32	-1	6	3	41	40.801155	-73.961357
4	14	18	15	18	0	17	20	14	20	1	7	2	46	40.709099	-73.95871
5	7	3	5	4	17	0	8	4	30	1	6	5	47	40.792446	-73.973457
6	12	7	12	8	21	8	0	10	35	1	7	2	51	40.841221	-73.939781
7	9	4	4	4	15	3	9	0	29	2	7	3	55	40.788525	-73.95504
8	27	31	30	32	19	29	34	29	0	-4	6	0	57	40.607597	-74.016747
