8	1	20	0												
0	0	26	32	27	16	27	41	36	30	0	0	0	0	52.445426	13.3710411
1	27	0	45	28	12	32	17	47	46	1	7	2	35	52.5068707	13.4918769
2	31	45	0	29	35	28	56	18	34	-3	7	2	48	52.4916686	13.1791125
3	26	30	29	0	26	5	40	27	30	1	6	4	50	52.5789737	13.3326849
4	16	11	36	26	0	29	26	40	35	1	7	3	54	52.4827961	13.4397268
5	26	33	29	5	29	0	43	26	30	-2	6	1	55	52.5842982	13.3087666
6	40	17	56	40	25	43	0	58	58	2	6	3	57	52.5167903	13.6139492
7	35	48	18	28	40	27	58	0	39	-2	6	3	58	52.5585576	13.1584608
8	31	45	35	31	36	30	59	40	0	-2	6	0	60	52.4119891	13.1458458
